4037 0.00460717351580
15 0.00367986406045
6634 0.00358685227582
2625 0.00328365613839
2398 0.00260863536350
2470 0.00252377176092
2237 0.00249662672315
4191 0.00226785180281
7553 0.00216973048542
5254 0.00215010055952
2328 0.00203925984483
1186 0.00203553412333
1297 0.00194584074790
4335 0.00193676244117
7620 0.00193208056279
5412 0.00191891574758
7632 0.00190774247313
4875 0.00187381347875
6946 0.00180842300716
3352 0.00178395629509
6832 0.00176818303343
2654 0.00176698195123
762 0.00174214593466
737 0.00173963394176
2066 0.00171569844701
8293 0.00170530777350
3089 0.00170201034588
28 0.00168880988890
2535 0.00166620378006
3334 0.00165696107295
214 0.00165151697463
665 0.00164306603974
4735 0.00161920329479
6774 0.00161488805937
7092 0.00160162779257
2565 0.00155117863113
5484 0.00154302124201
8042 0.00147680264779
4310 0.00146199776996
5423 0.00141762546516
1211 0.00141758043477
3456 0.00141686720132
2657 0.00136519158644
5404 0.00136395419544
5233 0.00136178373885
4712 0.00134188851265
271 0.00132625927964
4828 0.00130062477977
5079 0.00129916445307
4261 0.00128575569420
5210 0.00128029057493
8163 0.00126325599768
6914 0.00126050853243
3459 0.00125731597128
2285 0.00124166331939
1549 0.00124150895907
1842 0.00123518796791
4666 0.00121193116154
993 0.00120024865808
3084 0.00118348248748
3562 0.00117819366981
1026 0.00117288031433
5123 0.00116488101632
2958 0.00115893108146
3537 0.00114430995423
3117 0.00114380476906
2576 0.00114003962068
2643 0.00112120739822
922 0.00111005190741
5022 0.00110793618405
299 0.00110406035410
1855 0.00110147205352
3897 0.00109905019833
2651 0.00109871950449
4110 0.00109648148889
282 0.00107482364857
4600 0.00107046366452
1031 0.00106921698953
4687 0.00106846955886
7699 0.00106534415222
4536 0.00106450731578
2871 0.00106402246606
2746 0.00106384010799
3443 0.00106270192318
3755 0.00106136654474
1385 0.00105940319997
3568 0.00105170804871
5459 0.00104962180310
5543 0.00104910998706
4400 0.00104318404557
2485 0.00102955345142
1633 0.00101713585205
7890 0.00101420347593
3976 0.00101296080541
4256 0.00101159310721
1726 0.00099635769010
3238 0.00099066922434
2323 0.00098674885319
6784 0.00098209995627
3034 0.00097899563969
