4037 0.00460717351737
15 0.00367986406863
6634 0.00358685188841
2625 0.00328365616399
2398 0.00260863536708
2470 0.00252377176667
2237 0.00249662674366
4191 0.00226785180722
7553 0.00216973047799
5254 0.00215010056200
2328 0.00203925985801
1186 0.00203553413135
1297 0.00194584076736
4335 0.00193676244083
7620 0.00193208054760
5412 0.00191891575323
7632 0.00190774246402
4875 0.00187381345759
6946 0.00180842268746
3352 0.00178395630360
6832 0.00176818302569
2654 0.00176698196051
762 0.00174214594663
737 0.00173963394388
2066 0.00171569846597
8293 0.00170530777839
3089 0.00170201035001
28 0.00168880989754
2535 0.00166620378755
3334 0.00165696106641
214 0.00165151698293
665 0.00164306604444
4735 0.00161920330540
6774 0.00161488805456
7092 0.00160162777705
2565 0.00155117863265
5484 0.00154302123535
8042 0.00147680233141
4310 0.00146199776275
5423 0.00141762545950
1211 0.00141758045124
3456 0.00141686719861
2657 0.00136519159505
5404 0.00136395419600
5233 0.00136178372599
4712 0.00134188851151
271 0.00132625929123
4828 0.00130062478422
5079 0.00129916444742
4261 0.00128575569676
5210 0.00128029057135
8163 0.00126325568133
6914 0.00126050853020
3459 0.00125731596732
2285 0.00124166332028
1549 0.00124150896742
1842 0.00123518797970
4666 0.00121193115972
993 0.00120024867440
3084 0.00118348248839
3562 0.00117819367918
1026 0.00117288031342
5123 0.00116488101339
2958 0.00115893109008
3537 0.00114430995964
3117 0.00114380478006
2576 0.00114003962739
2643 0.00112120740329
922 0.00111005191233
5022 0.00110793617881
299 0.00110406036157
1855 0.00110147206029
3897 0.00109905019692
2651 0.00109871951300
4110 0.00109648149648
282 0.00107482365472
4600 0.00107046366597
1031 0.00106921699714
4687 0.00106846956210
7699 0.00106534415029
4536 0.00106450731343
2871 0.00106402246795
2746 0.00106384011416
3443 0.00106270193142
3755 0.00106136655029
1385 0.00105940320161
3568 0.00105170805493
5459 0.00104962180368
5543 0.00104910998577
4400 0.00104318404376
2485 0.00102955345864
1633 0.00101713586112
7890 0.00101420347004
3976 0.00101296080706
4256 0.00101159311437
1726 0.00099635769961
3238 0.00099066921496
2323 0.00098674886325
6784 0.00098209994983
3034 0.00097899564444
